372 424 379 425 
413 27 421 28 
600 342 607 343 
520 183 528 184 
29 448 37 448 
434 399 441 400 
419 280 426 281 
611 198 618 199 
171 451 178 452 
93 76 101 77 
343 463 350 464 
405 45 412 46 
542 277 549 278 
315 127 322 128 
655 237 662 238 
541 146 548 148 
289 360 296 361 
399 397 406 398 
403 206 410 207 
126 184 133 185 
632 6 617 7 
256 344 263 345 
20 300 27 301 
684 398 158 343 
494 415 501 416 
213 197 220 198 
381 117 389 118 
637 437 644 439 
170 385 177 386 
337 174 345 175 
252 335 259 336 
50 21 19 23 
380 461 387 462 
195 327 202 328 
361 265 368 266 
235 358 242 359 
74 438 81 438 
317 137 324 138 
51 220 58 221 
233 365 240 366 
249 56 256 57 
5 116 13 117 
457 333 464 334 
145 169 152 170 
389 316 397 317 
443 106 451 107 
257 388 264 389 
614 69 622 70 
222 105 229 106 
685 21 686 47 
617 316 624 318 
252 95 264 98 
227 20 682 50 
492 266 499 267 
348 167 355 168 
363 158 370 159 
316 91 323 92 
103 290 110 291 
271 243 278 244 
89 289 97 289 
265 463 272 464 
99 106 107 107 
242 446 249 447 
340 438 347 439 
435 94 442 95 
347 105 354 106 
198 328 205 329 
192 420 199 421 
168 123 175 124 
672 307 679 309 
302 190 309 191 
420 173 428 174 
677 444 684 446 
459 254 466 255 
259 136 266 137 
205 219 212 220 
495 264 502 265 
617 246 624 247 
265 190 272 191 
323 287 330 288 
556 403 563 404 
342 324 349 325 
419 46 426 47 
345 256 352 257 
152 203 159 204 
85 277 92 278 
596 443 603 445 
360 429 367 430 
189 353 196 354 
50 342 57 343 
509 288 516 289 
679 28 682 50 
385 163 393 164 
105 438 112 439 
479 30 8 41 
469 281 476 282 
498 91 506 92 
14 460 21 460 
461 432 468 433 
202 279 209 280 
199 41 207 42 
396 427 403 428 
627 352 634 353 
297 216 304 217 
268 227 275 228 
614 156 621 157 
548 90 556 91 
8 188 16 189 
27 241 34 242 
500 38 508 39 
190 150 197 151 
63 199 70 200 
683 50 121 41 
186 220 193 221 
672 245 680 246 
428 195 435 196 
348 225 355 226 
92 358 99 359 
322 152 330 153 
32 306 39 307 
528 450 535 452 
308 287 315 288 
505 441 512 442 
654 200 661 201 
203 70 210 71 
144 373 151 374 
578 157 585 158 
454 135 462 136 
150 156 157 157 
219 286 226 287 
180 90 188 91 
423 424 430 425 
149 442 156 443 
578 418 585 419 
62 164 70 165 
462 330 469 331 
348 462 355 463 
648 227 655 228 
530 349 537 350 
221 405 228 406 
480 77 487 78 
264 451 271 452 
242 106 249 107 
175 57 183 58 
393 242 400 243 
304 429 311 430 
253 220 260 221 
115 216 123 217 
537 152 545 154 
605 165 613 166 
58 452 65 452 
547 397 554 398 
657 95 665 96 
46 437 53 437 
650 455 657 457 
485 364 492 365 
27 136 35 137 
528 13 536 9 
40 63 48 64 
616 125 624 126 
32 90 40 91 
269 18 682 50 
238 141 245 142 
570 5 130 6 
474 329 481 330 
105 267 112 268 
79 278 85 279 
348 224 355 225 
5 55 13 56 
468 214 475 215 
394 182 402 183 
313 116 320 117 
238 83 245 84 
495 196 503 197 
675 294 683 296 
300 28 682 50 
687 255 689 278 
673 57 681 58 
424 453 431 454 
188 55 195 56 
514 282 521 283 
98 344 105 345 
162 109 170 110 
14 272 21 273 
464 334 471 335 
585 334 592 336 
454 332 462 333 
499 308 506 309 
478 403 485 404 
129 410 136 411 
224 319 231 320 
219 375 226 376 
492 321 499 322 
361 395 368 396 
4 328 12 328 
597 101 605 102 
647 82 655 83 
246 217 253 218 
622 301 629 303 
440 75 447 76 
202 135 210 136 
518 103 525 104 
542 88 550 89 
99 318 106 319 
263 418 270 419 
600 420 607 422 
391 208 398 209 
513 73 521 74 
351 438 358 439 
116 215 123 216 
147 251 154 252 
120 188 127 189 
237 322 244 323 
522 321 529 322 
250 154 257 155 
399 265 406 266 
491 96 499 97 
422 458 429 459 
658 377 666 379 
133 102 141 103 
124 92 132 93 
265 71 272 72 
664 368 672 370 
493 93 501 94 
85 367 92 368 
86 443 93 443 
167 24 682 50 
455 230 462 231 
228 5 682 6 
63 101 71 102 
509 266 516 267 
373 180 381 181 
567 333 574 334 
581 43 589 44 
41 25 682 50 
203 127 211 128 
628 455 635 457 
360 256 367 257 
295 276 302 277 
92 138 100 139 
648 98 656 99 
166 314 173 315 
359 276 366 277 
587 438 594 439 
503 95 510 96 
465 319 472 320 
572 148 579 149 
277 143 285 144 
593 147 601 148 
140 253 147 254 
576 157 583 158 
610 423 617 425 
55 163 62 164 
446 300 453 301 
578 165 585 166 
572 47 579 48 
312 142 319 143 
551 33 559 34 
339 137 346 138 
209 126 216 127 
389 306 396 307 
401 287 408 288 
427 23 682 50 
178 14 682 50 
333 414 340 415 
626 149 633 150 
256 91 263 92 
273 28 281 29 
649 283 656 285 
457 44 464 44 
660 424 667 426 
444 54 452 55 
30 144 38 145 
265 101 272 102 
498 265 505 266 
578 294 585 295 
187 108 194 109 
21 405 29 405 
27 181 35 182 
442 143 450 144 
183 412 190 413 
586 68 594 69 
654 48 682 50 
539 375 546 376 
604 386 611 388 
588 77 596 78 
348 374 355 375 
369 158 377 159 
203 286 210 287 
611 168 619 169 
151 147 158 148 
259 455 266 456 
294 345 301 346 
588 456 595 458 
385 350 392 351 
545 66 553 67 
508 178 515 179 
546 320 553 321 
523 377 530 378 
77 88 85 89 
434 268 441 269 
613 114 621 115 
373 287 380 288 
401 417 408 418 
633 337 640 339 
216 415 223 416 
536 151 543 153 
449 329 456 330 
369 83 376 84 
339 301 346 302 
410 272 417 273 
368 147 376 148 
290 218 297 219 
32 296 39 297 
509 21 518 20 
365 290 372 291 
680 97 688 98 
143 404 150 405 
292 182 299 183 
688 330 632 313 
378 363 385 364 
368 4 609 5 
194 91 201 92 
592 133 600 134 
675 216 683 217 
609 243 616 244 
465 415 472 416 
311 268 318 269 
400 13 682 50 
629 259 636 260 
356 340 363 341 
174 191 181 192 
650 147 658 148 
384 169 392 170 
147 320 154 321 
234 428 241 429 
368 295 375 296 
572 24 682 50 
50 1 682 2 
131 17 682 50 
66 443 73 443 
645 311 652 313 
282 419 289 420 
665 142 673 143 
217 415 224 416 
310 411 317 412 
666 458 673 460 
66 456 73 456 
334 369 341 370 
420 328 427 329 
621 465 274 292 
686 144 689 145 
191 147 198 148 
248 375 255 376 
241 183 248 184 
574 115 582 116 
254 329 261 330 
540 342 547 343 
641 264 648 265 
326 126 333 127 
152 118 159 119 
434 75 441 76 
121 6 50 7 
116 356 123 357 
43 134 51 135 
138 226 145 227 
260 460 267 461 
459 31 467 33 
372 139 380 140 
36 242 44 243 
52 206 59 207 
97 46 104 47 
290 127 297 128 
229 103 237 104 
284 154 291 155 
485 315 492 316 
463 435 470 436 
689 37 62 47 
416 165 424 166 
309 200 310 203 
302 157 310 158 
203 31 205 32 
129 337 136 338 
408 412 415 413 
180 18 682 50 
601 237 608 239 
556 277 563 278 
423 51 430 52 
167 264 174 265 
675 28 682 50 
168 97 176 98 
161 429 168 430 
387 406 394 407 
532 167 539 169 
305 465 595 346 
124 29 10 37 
546 305 553 306 
380 328 387 329 
148 8 130 9 
583 28 382 21 
334 358 341 359 
304 44 312 45 
168 320 175 321 
65 92 73 93 
6 159 14 160 
299 180 307 181 
412 149 419 150 
431 238 438 234 
432 187 439 188 
372 345 379 346 
255 399 262 400 
330 179 337 180 
637 217 645 218 
234 432 241 433 
330 307 337 308 
649 157 657 158 
124 440 131 441 
371 36 379 37 
460 130 469 131 
278 179 285 180 
282 164 290 165 
170 462 177 463 
150 70 157 71 
123 294 130 295 
421 69 428 70 
347 156 355 157 
555 28 561 29 
182 240 190 241 
321 106 329 107 
489 397 496 398 
148 361 155 362 
223 71 230 72 
188 130 196 131 
121 188 128 189 
553 336 560 337 
606 361 613 363 
527 317 534 318 
34 383 41 383 
333 231 340 232 
371 289 378 290 
75 183 82 184 
